Days              : 0
Hours             : 0
Minutes           : 1
Seconds           : 15
Milliseconds      : 324
Ticks             : 753247672
TotalDays         : 0.000871814435185185
TotalHours        : 0.0209235464444444
TotalMinutes      : 1.25541278666667
TotalSeconds      : 75.3247672
TotalMilliseconds : 75324.7672