Days              : 0
Hours             : 0
Minutes           : 2
Seconds           : 1
Milliseconds      : 199
Ticks             : 1211996622
TotalDays         : 0.00140277386805556
TotalHours        : 0.0336665728333333
TotalMinutes      : 2.01999437
TotalSeconds      : 121.1996622
TotalMilliseconds : 121199.6622