Days              : 0
Hours             : 0
Minutes           : 0
Seconds           : 4
Milliseconds      : 427
Ticks             : 44277116
TotalDays         : 5.1246662037037E-05
TotalHours        : 0.00122991988888889
TotalMinutes      : 0.0737951933333333
TotalSeconds      : 4.4277116
TotalMilliseconds : 4427.7116