Days              : 0
Hours             : 0
Minutes           : 0
Seconds           : 7
Milliseconds      : 988
Ticks             : 79881447
TotalDays         : 9.24553784722222E-05
TotalHours        : 0.00221892908333333
TotalMinutes      : 0.133135745
TotalSeconds      : 7.9881447
TotalMilliseconds : 7988.1447