Days              : 0
Hours             : 0
Minutes           : 8
Seconds           : 9
Milliseconds      : 282
Ticks             : 4892824907
TotalDays         : 0.00566299179050926
TotalHours        : 0.135911802972222
TotalMinutes      : 8.15470817833333
TotalSeconds      : 489.2824907
TotalMilliseconds : 489282.4907