Days              : 0
Hours             : 0
Minutes           : 0
Seconds           : 31
Milliseconds      : 659
Ticks             : 316595206
TotalDays         : 0.000366429636574074
TotalHours        : 0.00879431127777778
TotalMinutes      : 0.527658676666667
TotalSeconds      : 31.6595206
TotalMilliseconds : 31659.5206