Days              : 0
Hours             : 0
Minutes           : 2
Seconds           : 58
Milliseconds      : 544
Ticks             : 1785445699
TotalDays         : 0.0020664880775463
TotalHours        : 0.0495957138611111
TotalMinutes      : 2.97574283166667
TotalSeconds      : 178.5445699
TotalMilliseconds : 178544.5699