Days              : 0
Hours             : 0
Minutes           : 2
Seconds           : 29
Milliseconds      : 339
Ticks             : 1493394277
TotalDays         : 0.00172846559837963
TotalHours        : 0.0414831743611111
TotalMinutes      : 2.48899046166667
TotalSeconds      : 149.3394277
TotalMilliseconds : 149339.4277