Days              : 0
Hours             : 0
Minutes           : 0
Seconds           : 8
Milliseconds      : 60
Ticks             : 80603606
TotalDays         : 9.32912106481481E-05
TotalHours        : 0.00223898905555556
TotalMinutes      : 0.134339343333333
TotalSeconds      : 8.0603606
TotalMilliseconds : 8060.3606s