Days              : 0
Hours             : 0
Minutes           : 0
Seconds           : 7
Milliseconds      : 353
Ticks             : 73532488
TotalDays         : 8.51070462962963E-05
TotalHours        : 0.00204256911111111
TotalMinutes      : 0.122554146666667
TotalSeconds      : 7.3532488
TotalMilliseconds : 7353.2488