Days              : 0
Hours             : 0
Minutes           : 0
Seconds           : 29
Milliseconds      : 12
Ticks             : 290128204
TotalDays         : 0.000335796532407407
TotalHours        : 0.00805911677777778
TotalMinutes      : 0.483547006666667
TotalSeconds      : 29.0128204
TotalMilliseconds : 29012.8204