Days              : 0
Hours             : 0
Minutes           : 0
Seconds           : 28
Milliseconds      : 860
Ticks             : 288605175
TotalDays         : 0.000334033767361111
TotalHours        : 0.00801681041666667
TotalMinutes      : 0.481008625
TotalSeconds      : 28.8605175
TotalMilliseconds : 28860.5175