Days              : 0
Hours             : 0
Minutes           : 4
Seconds           : 58
Milliseconds      : 391
Ticks             : 2983912157
TotalDays         : 0.00345360203356481
TotalHours        : 0.0828864488055556
TotalMinutes      : 4.97318692833333
TotalSeconds      : 298.3912157
TotalMilliseconds : 298391.2157