Days              : 0
Hours             : 0
Minutes           : 3
Seconds           : 2
Milliseconds      : 292
Ticks             : 1822924822
TotalDays         : 0.00210986669212963
TotalHours        : 0.0506368006111111
TotalMinutes      : 3.03820803666667
TotalSeconds      : 182.2924822
TotalMilliseconds : 182292.4822