Days              : 0
Hours             : 0
Minutes           : 1
Seconds           : 54
Milliseconds      : 597
Ticks             : 1145975249
TotalDays         : 0.00132636024189815
TotalHours        : 0.0318326458055556
TotalMinutes      : 1.90995874833333
TotalSeconds      : 114.5975249
TotalMilliseconds : 114597.5249