Days              : 0
Hours             : 0
Minutes           : 0
Seconds           : 18
Milliseconds      : 275
Ticks             : 182752720
TotalDays         : 0.000211519351851852
TotalHours        : 0.00507646444444444
TotalMinutes      : 0.304587866666667
TotalSeconds      : 18.275272
TotalMilliseconds : 18275.272