Days              : 0
Hours             : 0
Minutes           : 13
Seconds           : 14
Milliseconds      : 6
Ticks             : 7940069938
TotalDays         : 0.00918989576157407
TotalHours        : 0.220557498277778
TotalMinutes      : 13.2334498966667
TotalSeconds      : 794.0069938
TotalMilliseconds : 794006.9938