Days              : 0
Hours             : 0
Minutes           : 5
Seconds           : 50
Milliseconds      : 259
Ticks             : 3502595982
TotalDays         : 0.00405393053472222
TotalHours        : 0.0972943328333333
TotalMinutes      : 5.83765997
TotalSeconds      : 350.2595982
TotalMilliseconds : 350259.5982