Days              : 0
Hours             : 0
Minutes           : 1
Seconds           : 28
Milliseconds      : 765
Ticks             : 887659275
TotalDays         : 0.00102738342013889
TotalHours        : 0.0246572020833333
TotalMinutes      : 1.479432125
TotalSeconds      : 88.7659275
TotalMilliseconds : 88765.9275