Days              : 0
Hours             : 0
Minutes           : 0
Seconds           : 4
Milliseconds      : 767
Ticks             : 47676259
TotalDays         : 5.51808553240741E-05
TotalHours        : 0.00132434052777778
TotalMinutes      : 0.0794604316666667
TotalSeconds      : 4.7676259
TotalMilliseconds : 4767.6259